label = 2_2	 [ 0.01351338 -0.01050644 -0.01010585  0.01415376  0.01367899  0.00366875
  0.00044287  0.00220402  0.00520048 -0.00030644 -0.01427328  0.00402017
 -0.00804774  0.00241812  0.01109479  0.01231504  0.00104995  0.00699645
 -0.00405873  0.00637245  0.00357883 -0.00412195 -0.00388347 -0.00674184
  0.01333153  0.00084847  0.00063504  0.00926971 -0.00598415 -0.00226637
  0.00694684 -0.01009018 -0.00047097 -0.02406836  0.01428365  0.01426266
 -0.01306573 -0.00229818 -0.01224761  0.00722421 -0.00693728 -0.00428282
 -0.00731994  0.00562301 -0.00166799  0.00238659 -0.00771156 -0.0049808
 -0.01318428  0.00998956 -0.00523432 -0.00525751 -0.00462852 -0.01275151
 -0.00434117  0.01276585 -0.00228424  0.00698716 -0.01701952  0.00269941
  0.00769344 -0.00107147  0.00690149  0.00279352]
label = 4_2	 [  1.09371254e-02  -7.56837148e-03  -8.14215839e-03   1.55994464e-02
   1.53205367e-02   5.21758432e-03   7.46107326e-05   1.02725450e-03
   6.08569756e-03  -5.68628660e-04  -1.39453299e-02   4.55643190e-03
  -7.06121372e-03   3.11376457e-03   9.90677904e-03   1.04317190e-02
  -1.71288638e-03   6.66993996e-03  -4.78756707e-03   5.84855955e-03
   4.29789256e-03  -5.59530081e-03  -4.36253613e-03  -6.86458778e-03
   1.39037361e-02   6.01858133e-04  -7.78534100e-04   7.93526508e-03
  -5.33357635e-03  -2.08616792e-03   6.63035363e-03  -1.11899758e-02
   6.06889662e-04  -2.27405485e-02   1.32844979e-02   1.45504409e-02
  -1.22301802e-02  -2.78076483e-03  -1.28530245e-02   6.34973962e-03
  -7.56084360e-03  -3.90365673e-03  -8.05135444e-03   4.54956573e-03
  -3.22613982e-03   3.90582439e-03  -6.44898973e-03  -3.32609005e-03
  -1.17144017e-02   9.42699146e-03  -4.05222410e-03  -4.97111352e-03
  -1.87800592e-03  -1.27466675e-02  -4.57337033e-03   1.19308652e-02
  -3.32508120e-03   7.90994987e-03  -1.71203725e-02   2.79053813e-03
   7.36358855e-03  -1.65276439e-03   8.20333231e-03   4.69592912e-03]
label = 4_2	 [  1.12823155e-02  -8.25052522e-03  -8.93329456e-03   1.55547792e-02
   1.36225205e-02   3.64776212e-03   2.38577340e-05   1.35145430e-03
   6.15449389e-03  -1.35688437e-03  -1.29417256e-02   3.93345160e-03
  -7.31927622e-03   2.79963808e-03   1.02713834e-02   9.02784616e-03
  -1.38063170e-03   6.85315998e-03  -3.71802691e-03   5.25292102e-03
   4.57351096e-03  -6.33352622e-03  -3.86494235e-03  -5.19020902e-03
   1.22240242e-02  -3.65988293e-04  -1.00513187e-03   8.03955924e-03
  -5.83068468e-03  -7.78077054e-04   6.48970110e-03  -8.76628421e-03
  -2.94586323e-04  -2.22714916e-02   1.32627087e-02   1.42827081e-02
  -1.13047836e-02  -2.91899708e-03  -1.13625070e-02   6.44251937e-03
  -7.57594733e-03  -2.62870383e-03  -7.13153882e-03   5.30756032e-03
  -2.59581348e-03   4.02782997e-03  -4.39582299e-03  -4.16782172e-03
  -1.23374630e-02   9.28007532e-03  -4.19330876e-03  -3.95188900e-03
  -2.32097716e-03  -1.12873465e-02  -4.23005410e-03   1.02510685e-02
  -1.81814679e-03   7.86285661e-03  -1.46654015e-02   5.56352956e-04
   6.79777842e-03  -1.07452704e-03   8.11366364e-03   3.99773242e-03]
label = 4_2	 [ 0.0117046  -0.00863407 -0.00982673  0.01538715  0.01521238  0.00469083
 -0.0004841   0.00108443  0.00601616  0.00041222 -0.01492041  0.00410239
 -0.00726344  0.00259668  0.01118311  0.01212207 -0.00014149  0.00607328
 -0.00524165  0.00517693  0.00536806 -0.00474491 -0.0040155  -0.00700235
  0.01299631 -0.00048483 -0.00114677  0.00850216 -0.0048753  -0.00248375
  0.00702111 -0.01050156  0.00087737 -0.02342498  0.01285565  0.01455025
 -0.01378338 -0.00321495 -0.01204196  0.00682785 -0.00862499 -0.00394255
 -0.0073825   0.00485691 -0.00367935  0.00324812 -0.00795142 -0.00336922
 -0.0131654   0.01051128 -0.00438118 -0.00508965 -0.00217002 -0.01235127
 -0.00439918  0.01191113 -0.00281233  0.0066268  -0.01707579  0.00238763
  0.00713398 -0.00052036  0.00805625  0.004224  ]
label = 4_2	 [ 0.01232781 -0.0090675  -0.00892183  0.01460262  0.01329317  0.00352023
  0.00064105  0.00186751  0.0039243   0.00015191 -0.01353457  0.00411118
 -0.00793545  0.00174416  0.01045779  0.0098218  -0.0012612   0.00640825
 -0.00359574  0.00626736  0.00312845 -0.00492079 -0.00314064 -0.00630151
  0.01274471  0.00039293 -0.00051169  0.00756105 -0.00662408 -0.00195128
  0.00640091 -0.00984987  0.00013869 -0.02360063  0.01390988  0.01355643
 -0.01191152 -0.00235484 -0.01288894  0.00715403 -0.00564032 -0.00376009
 -0.00710418  0.00554326 -0.00188013  0.00189466 -0.00625381 -0.00393952
 -0.01173125  0.0094603  -0.00560596 -0.00542734 -0.00333597 -0.01199647
 -0.00283529  0.01205162 -0.00304433  0.00754488 -0.01694677  0.00216616
  0.00802747 -0.0015359   0.00805791  0.00414877]
label = 4_2	 [  1.29303243e-02  -8.52809474e-03  -8.94942228e-03   1.42052080e-02
   1.29653551e-02   3.25048761e-03   5.07973746e-05   2.08619563e-03
   5.05059492e-03  -2.03000847e-04  -1.34147368e-02   5.31839998e-03
  -7.53415516e-03   2.71184323e-03   1.02327745e-02   1.19872736e-02
   1.14949397e-03   5.85036306e-03  -3.76672950e-03   5.19956136e-03
   3.25779896e-03  -3.76014574e-03  -3.70638072e-03  -6.61348691e-03
   1.18080527e-02   4.60866431e-05   2.56496947e-04   8.06349888e-03
  -5.98369772e-03  -1.95729639e-03   6.04078919e-03  -9.01448168e-03
  -4.36419505e-04  -2.39944328e-02   1.33887585e-02   1.40410699e-02
  -1.19605009e-02  -2.69512436e-03  -1.12160183e-02   5.90035832e-03
  -6.38199272e-03  -3.50481714e-03  -6.42101280e-03   5.53721748e-03
  -2.22704676e-03   1.76271028e-03  -7.07766786e-03  -5.45385014e-03
  -1.32856425e-02   1.04925241e-02  -4.99860290e-03  -4.49154153e-03
  -3.83313722e-03  -1.21237068e-02  -3.26806493e-03   1.18321404e-02
  -1.68668083e-03   5.61448419e-03  -1.59383025e-02   2.97427853e-03
   7.05762114e-03  -1.06863922e-03   7.34796561e-03   3.63660860e-03]
label = 4_2	 [ 0.01165749 -0.00838229 -0.00970824  0.01486044  0.01421834  0.00346889
  0.00017644  0.00129723  0.0056476  -0.00042328 -0.01369715  0.00533235
 -0.00747799  0.00291941  0.01037606  0.01096366 -0.00028925  0.00666094
 -0.00550195  0.00544472  0.00417669 -0.00497417 -0.00445476 -0.00747344
  0.01316552 -0.00051866 -0.00072372  0.00900112 -0.00605248 -0.00135342
  0.00624826 -0.00979174  0.00024309 -0.02400758  0.01336535  0.01393445
 -0.01224826 -0.00331145 -0.01169626  0.00625826 -0.00727688 -0.00386345
 -0.00676396  0.00635996 -0.00317291  0.00306398 -0.00535202 -0.00484956
 -0.01301594  0.00980397 -0.00504272 -0.00401114 -0.00161809 -0.01244589
 -0.00428812  0.01065433 -0.00281084  0.00750886 -0.01661658  0.00252678
  0.00760075 -0.00076637  0.00825565  0.00341869]
label = 4_2	 [  1.13116093e-02  -9.11591575e-03  -9.43696778e-03   1.59425326e-02
   1.36526572e-02   4.86956211e-03  -7.92528910e-04   1.11050671e-03
   5.10836579e-03  -6.51919981e-05  -1.44035164e-02   3.13412561e-03
  -7.26642134e-03   2.03061709e-03   1.06337499e-02   1.06070135e-02
  -1.31856068e-03   6.79320237e-03  -5.13295457e-03   5.47950063e-03
   4.95733600e-03  -5.26811462e-03  -4.67115128e-03  -7.02737132e-03
   1.35927116e-02   5.73350408e-04  -9.09648545e-04   8.35793652e-03
  -5.24874590e-03  -2.31753103e-03   6.30839542e-03  -9.19429678e-03
   5.38405497e-04  -2.20371597e-02   1.28296614e-02   1.30562214e-02
  -1.29507771e-02  -3.69745516e-03  -1.13926856e-02   6.73122564e-03
  -7.52745569e-03  -4.55507683e-03  -6.55726623e-03   3.90812149e-03
  -3.08227981e-03   2.46133399e-03  -7.46813416e-03  -3.25764949e-03
  -1.20496163e-02   9.17386450e-03  -4.64768149e-03  -4.49860375e-03
  -2.81849154e-03  -1.23441992e-02  -3.59422620e-03   1.06226727e-02
  -2.98993918e-03   8.12277663e-03  -1.61724593e-02   1.59294554e-03
   7.36333570e-03  -8.02864262e-04   6.68778038e-03   4.95388266e-03]
label = 4_2	 [  1.20784249e-02  -8.62583239e-03  -9.38773341e-03   1.32780317e-02
   1.32858120e-02   3.31387366e-03   2.01315284e-04   1.61297328e-03
   3.95668810e-03  -9.81743506e-05  -1.24175726e-02   3.67310084e-03
  -7.97639787e-03   2.03742809e-03   9.38475691e-03   1.10418592e-02
   4.25349805e-04   6.87479321e-03  -4.57280921e-03   6.16062758e-03
   3.62669630e-03  -3.29546072e-03  -3.98892583e-03  -7.22836936e-03
   1.21054528e-02   5.24685835e-04  -2.06715195e-04   8.92656483e-03
  -5.45182265e-03  -2.11579865e-03   5.73620526e-03  -9.36566573e-03
   6.20455539e-04  -2.28050686e-02   1.24599403e-02   1.28914434e-02
  -1.22787161e-02  -1.99166615e-03  -1.13801714e-02   5.41537162e-03
  -5.82378637e-03  -4.30201273e-03  -6.67490670e-03   4.60552331e-03
  -1.49493839e-03   2.19306652e-03  -6.72333408e-03  -4.83143842e-03
  -1.28422678e-02   9.02214739e-03  -4.99612233e-03  -4.52345796e-03
  -3.98555119e-03  -1.22175133e-02  -3.22230370e-03   1.13704354e-02
  -2.18622247e-03   5.72633138e-03  -1.62654147e-02   3.16675170e-03
   7.48858089e-03  -5.16441942e-04   6.03902107e-03   3.54771060e-03]
label = 4_2	 [ 0.01191535 -0.00938651 -0.01009594  0.01482062  0.01394765  0.00478813
 -0.00107842  0.00124314  0.00451716  0.00077084 -0.01369122  0.00312695
 -0.00840794  0.00195465  0.00950944  0.01053144 -0.00033036  0.00704406
 -0.00493875  0.00589576  0.00287385 -0.00567042 -0.00360191 -0.00674973
  0.0130868   0.00144716 -0.00059158  0.00831903 -0.0062     -0.0030209
  0.00750283 -0.00957846  0.00056527 -0.02332026  0.01419836  0.01335358
 -0.01248968 -0.00307692 -0.01209852  0.00651787 -0.00642755 -0.00467538
 -0.00759098  0.00527377 -0.00259661  0.00204732 -0.00701447 -0.00314309
 -0.01298184  0.00920085 -0.00470489 -0.00503437 -0.00254097 -0.01168661
 -0.00349046  0.01213681 -0.00260424  0.00739332 -0.01638548  0.00172925
  0.00782003 -0.00168251  0.0071897   0.00407358]
label = 4_2	 [  1.24904606e-02  -7.80653348e-03  -9.54548921e-03   1.55693553e-02
   1.21700233e-02   4.93466575e-03   9.64807638e-04   1.56774081e-03
   5.43468632e-03   1.29607914e-04  -1.39222257e-02   3.79787991e-03
  -7.93108810e-03   2.56659416e-03   9.56045836e-03   1.15059968e-02
  -2.79513188e-07   5.88787254e-03  -4.57272958e-03   6.00661850e-03
   3.68548511e-03  -3.59617174e-03  -4.57142759e-03  -7.88688567e-03
   1.19554549e-02   3.98822478e-04  -1.51048810e-03   8.31362326e-03
  -6.08199928e-03  -3.43150366e-03   6.09773071e-03  -1.05610099e-02
   2.85438262e-04  -2.27986276e-02   1.35929184e-02   1.31531861e-02
  -1.13067180e-02  -2.91052554e-03  -1.25921015e-02   7.25344382e-03
  -5.50018717e-03  -3.09293484e-03  -5.97149227e-03   5.92618622e-03
  -3.01933242e-03   2.62711640e-03  -7.40561541e-03  -3.55090387e-03
  -1.20594632e-02   1.07910614e-02  -5.72746014e-03  -4.60094167e-03
  -1.51813601e-03  -1.18253632e-02  -3.98043124e-03   1.04165347e-02
  -3.11070494e-03   7.10646715e-03  -1.61425509e-02   3.46880406e-03
   7.55153829e-03  -1.02744240e-03   7.47192465e-03   4.37414227e-03]
label = 4_2	 [ 0.01298088 -0.00935938 -0.00870261  0.01516085  0.01327203  0.0039801
  0.00137852  0.00139776  0.00533828 -0.00055163 -0.01340455  0.00506055
 -0.00727515  0.00266086  0.01064703  0.01056749 -0.00050177  0.00750553
 -0.00300518  0.00544768  0.00276271 -0.00514421 -0.0044112  -0.00489568
  0.01254122 -0.00034678  0.0004107   0.00843142 -0.00592585 -0.00058277
  0.00581561 -0.00981932 -0.0002798  -0.02534622  0.01459928  0.01527238
 -0.01269524 -0.00283013 -0.01134613  0.00596683 -0.00787695 -0.00415631
 -0.00661017  0.00506699 -0.00114431  0.00287302 -0.00643136 -0.00561154
 -0.01269312  0.00932455 -0.00486355 -0.00453664 -0.00412843 -0.01268197
 -0.00264011  0.01141797 -0.00212712  0.00758228 -0.0160108   0.00253445
  0.00778265 -0.00104103  0.0084287   0.00326886]
label = 4_2	 [ 0.01334424 -0.0077674  -0.01086179  0.01496188  0.01352702  0.00311444
  0.0007337   0.00213427  0.00508237  0.00021899 -0.0139926   0.00417602
 -0.00824063  0.00395354  0.01092424  0.01154988  0.00048711  0.00694705
 -0.00448324  0.00556744  0.0053037  -0.00470262 -0.00378075 -0.00718085
  0.01216565 -0.00049549 -0.00112486  0.00852447 -0.00704887 -0.00200578
  0.00602637 -0.01018683  0.00126596 -0.02424257  0.0132628   0.01382695
 -0.01145428 -0.00279116 -0.01167529  0.00719369 -0.00709297 -0.00410237
 -0.00629644  0.00659619 -0.00266441  0.00306177 -0.00546463 -0.00401776
 -0.01301383  0.01064413 -0.00581847 -0.00466098 -0.00272875 -0.01130404
 -0.00398158  0.00988566 -0.0027545   0.00732423 -0.01709061  0.00263695
  0.00795745 -0.00080887  0.00840783  0.00343328]
label = 4_2	 [  1.09305456e-02  -8.50738119e-03  -8.87553301e-03   1.57909077e-02
   1.41077880e-02   4.61050868e-03   6.90452696e-04   1.94221304e-03
   5.52099291e-03   6.52343297e-05  -1.37851359e-02   3.76334251e-03
  -6.28522877e-03   2.66681681e-03   9.70979221e-03   9.95662250e-03
  -1.32765877e-03   6.37712982e-03  -4.26383410e-03   6.80286344e-03
   3.36088217e-03  -3.81985027e-03  -3.15768784e-03  -6.03684783e-03
   1.28351273e-02   4.55573259e-04  -1.02513214e-03   7.97063764e-03
  -5.81909344e-03  -2.97702802e-03   7.22343335e-03  -1.01724677e-02
  -1.91156694e-04  -2.26121247e-02   1.38639174e-02   1.42615512e-02
  -1.22450572e-02  -3.01765068e-03  -1.19259162e-02   6.96240505e-03
  -6.71023224e-03  -3.93150840e-03  -6.84521906e-03   4.16794093e-03
  -2.67134025e-03   3.66537552e-03  -7.45741930e-03  -2.37664441e-03
  -1.13988798e-02   9.20937024e-03  -4.68286965e-03  -4.47321264e-03
  -2.31498783e-03  -1.21805090e-02  -4.09298576e-03   1.11519909e-02
  -4.24633175e-03   7.80577259e-03  -1.65512301e-02   2.91850208e-03
   7.69754685e-03  -1.52747158e-03   7.79066607e-03   4.47993586e-03]
label = 4_2	 [ 0.01259264 -0.00836631 -0.00905263  0.01638359  0.01450114  0.00424541
  0.0002489   0.00171849  0.00550245  0.00014526 -0.01485557  0.00433394
 -0.00730485  0.00245293  0.0102586   0.01105228 -0.00085357  0.00542651
 -0.00401238  0.00495907  0.00436391 -0.00342111 -0.00390051 -0.00725801
  0.01288638 -0.00096101 -0.00133775  0.00736954 -0.00473158 -0.00190015
  0.0060374  -0.01037573  0.00022668 -0.02397185  0.01293007  0.01454425
 -0.01271829 -0.00276774 -0.01290016  0.00670388 -0.00789394 -0.00458689
 -0.00688689  0.00465987 -0.00303781  0.00246276 -0.00744398 -0.00356856
 -0.01236609  0.01030601 -0.00574323 -0.00588916 -0.00319367 -0.01256413
 -0.00365374  0.01125557 -0.00192772  0.00721505 -0.01687676  0.00245781
  0.00747406 -0.00143997  0.00822794  0.00514205]
label = 4_2	 [ 0.01191598 -0.00900051 -0.00792544  0.01574512  0.01366985  0.00440978
  0.00099969  0.00127299  0.00521369 -0.00039216 -0.01372855  0.0049583
 -0.00616212  0.0026521   0.00995773  0.00984048 -0.00145397  0.00631178
 -0.00382313  0.00615282  0.00327901 -0.00408297 -0.00417019 -0.00623352
  0.01341451  0.00043953 -0.00012303  0.0073917  -0.00503645 -0.00206232
  0.00651583 -0.01033219 -0.00024467 -0.02213885  0.01378868  0.01397894
 -0.01162115 -0.00300372 -0.01188774  0.00729551 -0.00655767 -0.00364371
 -0.00705232  0.00441905 -0.00330571  0.00291823 -0.0069578  -0.00319468
 -0.01113762  0.00949728 -0.00554217 -0.00496786 -0.00231801 -0.01245728
 -0.00400513  0.01146065 -0.00300917  0.00771402 -0.01649761  0.00194733
  0.00779374 -0.00171428  0.00804467  0.00406194]
label = 3_2	 [  1.11904042e-02  -7.90097658e-03  -8.15899391e-03   1.51192341e-02
   1.31382206e-02   4.71853651e-03   1.58508203e-03   2.41164048e-03
   5.42453397e-03  -8.52525525e-04  -1.24888988e-02   4.23660735e-03
  -6.44866610e-03   3.01536266e-03   9.84128844e-03   1.09188510e-02
  -1.37993810e-03   6.91317813e-03  -3.51889059e-03   5.78843802e-03
   2.92948098e-03  -4.16593533e-03  -4.36726026e-03  -6.46403572e-03
   1.23872561e-02   1.44358230e-04   5.20940521e-05   7.27497926e-03
  -4.92000161e-03  -9.59190889e-04   5.96539024e-03  -1.04527203e-02
   2.31555605e-04  -2.25078836e-02   1.25980042e-02   1.34385135e-02
  -1.13317920e-02  -2.34438642e-03  -1.11103170e-02   6.23626681e-03
  -6.73790928e-03  -3.50632565e-03  -6.65722042e-03   4.38168086e-03
  -2.68758927e-03   3.28536052e-03  -7.13257631e-03  -4.25809296e-03
  -1.13134552e-02   9.49177705e-03  -5.36130369e-03  -4.28619003e-03
  -2.86696176e-03  -1.25693241e-02  -3.90097452e-03   1.04215750e-02
  -2.11977935e-03   7.12930504e-03  -1.58850066e-02   2.60571553e-03
   6.77732890e-03  -1.92047853e-03   7.05318665e-03   4.25155414e-03]
label = 1_2	 [  1.19800186e-02  -9.06611141e-03  -9.38620698e-03   1.48458900e-02
   1.20621715e-02   3.72921070e-03   2.45448726e-04   1.37838605e-03
   5.24255587e-03   6.44961838e-05  -1.40430517e-02   3.35949683e-03
  -7.99163245e-03   2.42170878e-03   1.02948397e-02   1.02209542e-02
  -7.36032845e-04   6.75933110e-03  -4.55895439e-03   5.38139557e-03
   3.80169763e-03  -4.41518147e-03  -4.04691696e-03  -6.90373918e-03
   1.25596309e-02  -2.40511872e-04  -3.88036628e-04   7.89617188e-03
  -5.80073381e-03  -1.96036929e-03   5.88944834e-03  -9.05978400e-03
   7.14373018e-04  -2.28142813e-02   1.24702519e-02   1.33249955e-02
  -1.19783692e-02  -2.68186373e-03  -1.18276775e-02   7.25063635e-03
  -6.47612987e-03  -4.37593507e-03  -6.52355282e-03   4.80444077e-03
  -2.74087256e-03   2.88927695e-03  -6.45933254e-03  -3.87049560e-03
  -1.13938423e-02   8.84860288e-03  -5.72219957e-03  -4.92595788e-03
  -2.07476551e-03  -1.19779492e-02  -4.34321584e-03   1.05693778e-02
  -2.26657651e-03   7.17160245e-03  -1.60517916e-02   1.62658514e-03
   7.12640258e-03  -9.21554398e-04   7.50869140e-03   4.00796439e-03]
label = 1_2	 [  1.01679992e-02  -7.61120673e-03  -7.38707185e-03   1.28300702e-02
   1.36983963e-02   3.27782100e-03   1.72057643e-03   9.71128582e-04
   5.65350568e-03  -6.48674788e-04  -1.22164590e-02   5.93979564e-03
  -4.84876661e-03   3.69728450e-03   8.44923500e-03   7.53755216e-03
  -2.03052373e-03   5.90639468e-03  -2.48768297e-03   5.25778625e-03
   4.01673978e-03  -4.25068056e-03  -5.20601263e-03  -4.39166790e-03
   1.15354927e-02  -5.53469174e-04   5.51168050e-04   7.86076672e-03
  -4.66934545e-03  -1.15934387e-03   5.68800047e-03  -1.03765456e-02
   2.76534411e-05  -2.11695675e-02   1.26668150e-02   1.32226935e-02
  -1.07267853e-02  -1.41508819e-03  -1.15931267e-02   5.29185263e-03
  -5.80508215e-03  -2.77790404e-03  -6.61081448e-03   4.75864671e-03
  -3.21863778e-03   3.40122683e-03  -4.43380652e-03  -4.36430611e-03
  -8.62375926e-03   9.25412681e-03  -4.99369111e-03  -3.93246347e-03
  -2.06072582e-03  -1.15286438e-02  -2.72698910e-03   1.00645749e-02
  -2.83202762e-03   6.16729166e-03  -1.52322771e-02   2.41837394e-03
   7.32826861e-03  -1.49084907e-03   9.25717130e-03   3.06064612e-03]
label = 1_2	 [ 0.01178264 -0.00938737 -0.00913477  0.01431653  0.01292489  0.00311426
 -0.00043573  0.00092332  0.00386041 -0.00070197 -0.01261539  0.00532341
 -0.00711064  0.00311084  0.00974677  0.01066828  0.00037667  0.00709767
 -0.00374885  0.00598451  0.00297013 -0.00446843 -0.0044504  -0.00672197
  0.01314688  0.00105864  0.00050267  0.00890057 -0.00633771 -0.00138792
  0.00587593 -0.00925783 -0.00043133 -0.02361877  0.01399618  0.01378079
 -0.01145542 -0.00282772 -0.01124388  0.00549655 -0.00586162 -0.00414321
 -0.00638108  0.005388   -0.00207851  0.00210643 -0.00558227 -0.00571196
 -0.01222271  0.00939592 -0.00488459 -0.00416869 -0.00385799 -0.01205726
 -0.00324563  0.01116016 -0.00175858  0.00665422 -0.01585991  0.00228108
  0.00776923 -0.00103061  0.00759363  0.00355673]
label = 1_2	 [  1.06185637e-02  -7.59937847e-03  -6.72045304e-03   1.40189948e-02
   1.24682020e-02   4.57012467e-03   1.81666028e-03   1.32131355e-03
   5.61193703e-03   6.67534769e-05  -1.30253369e-02   5.05419867e-03
  -5.72191365e-03   2.51516467e-03   8.32106546e-03   1.00056417e-02
  -1.62248313e-03   5.92264207e-03  -3.33352946e-03   7.17691518e-03
   2.13168049e-03  -2.14391598e-03  -4.98130731e-03  -6.82467315e-03
   1.22292833e-02   1.50717166e-03  -4.68168728e-04   7.14404741e-03
  -5.32362843e-03  -3.15432134e-03   6.09358214e-03  -1.04903355e-02
   1.62703218e-04  -2.17039753e-02   1.40758846e-02   1.28067508e-02
  -1.07937083e-02  -2.38360674e-03  -1.21773127e-02   5.08510228e-03
  -4.30406537e-03  -3.44581297e-03  -6.88442355e-03   2.99841259e-03
  -2.54042377e-03   2.12666253e-03  -7.21818209e-03  -2.70217843e-03
  -1.09338704e-02   8.45833495e-03  -5.34941116e-03  -4.23321826e-03
  -2.22834665e-03  -1.24932369e-02  -3.90936341e-03   1.14265820e-02
  -5.10868337e-03   6.45862706e-03  -1.64081249e-02   3.60359624e-03
   8.24526791e-03  -1.95172860e-03   6.60388824e-03   4.44952026e-03]
label = 1_2	 [ 0.01236887 -0.00838366 -0.00911375  0.01305705  0.01243477  0.00322683
  0.00073518  0.00102671  0.00480825  0.00076897 -0.01403075  0.00445435
 -0.0065448   0.00303487  0.01022616  0.01127183  0.00069333  0.00511511
 -0.00449807  0.00707221  0.00303217 -0.00390328 -0.00384717 -0.00702017
  0.01231585  0.00031516  0.00079782  0.00777645 -0.00539327 -0.0030899
  0.00614054 -0.01104574  0.00075317 -0.02205145  0.01275876  0.01323456
 -0.01233364 -0.00158857 -0.0112408   0.00810665 -0.00534314 -0.00368194
 -0.00678026  0.00540947 -0.00308745  0.00207966 -0.00692275 -0.00313747
 -0.01113767  0.01005805 -0.00614188 -0.00525775 -0.00264006 -0.01138654
 -0.00399905  0.01160422 -0.00279371  0.00543464 -0.0170567   0.00308524
  0.00806568 -0.00064338  0.0076197   0.00395381]
label = 1_2	 [ 0.01222794 -0.00797298 -0.00877764  0.01465454  0.01329401  0.00354971
  0.00031337  0.00198285  0.00468556 -0.00075349 -0.01324504  0.00455783
 -0.00705807  0.00331442  0.00958579  0.01028282 -0.00017374  0.00648673
 -0.00374002  0.00544773  0.00435426 -0.00438889 -0.00327756 -0.00583507
  0.01252861  0.00015726 -0.00110126  0.00708333 -0.0060475  -0.00135129
  0.00590343 -0.00922809  0.00040164 -0.02337461  0.01335645  0.01382636
 -0.01092947 -0.00320877 -0.01170356  0.00594315 -0.00711509 -0.00413072
 -0.0063981   0.00461737 -0.00201007  0.00251919 -0.0054487  -0.00381367
 -0.01228878  0.00961467 -0.00508112 -0.00533916 -0.00305936 -0.0116597
 -0.00406948  0.01036669 -0.00241921  0.00717382 -0.01611733  0.00267039
  0.00770833 -0.00154362  0.00767294  0.00426225]
label = 1_2	 [ 0.01218432 -0.00949889 -0.00962408  0.01478392  0.01338298  0.00361216
 -0.00049322  0.00165121  0.00510418 -0.0004182  -0.01411465  0.00306334
 -0.00836661  0.00148957  0.01124128  0.01091721 -0.00095484  0.00735893
 -0.0046608   0.00598848  0.00362152 -0.00597023 -0.00338173 -0.00632581
  0.01311274  0.00079243  0.00038994  0.00832079 -0.00599094 -0.00176356
  0.00644453 -0.00848511 -0.00047006 -0.02211777  0.01283026  0.01289279
 -0.01247616 -0.00273473 -0.01128334  0.00698911 -0.00693466 -0.00410498
 -0.00715657  0.0048925  -0.00171756  0.00218396 -0.00625471 -0.00444186
 -0.01254392  0.00885731 -0.00421464 -0.00514699 -0.00321264 -0.01218626
 -0.0034922   0.01204025 -0.00172264  0.00768333 -0.0155941   0.00158196
  0.00711057 -0.00104116  0.00621719  0.00369978]
label = 1_2	 [ 0.01096534 -0.00780758 -0.00793573  0.01538641  0.01323691  0.00458636
  0.0006294   0.00132618  0.00611527 -0.00097245 -0.01324925  0.00386057
 -0.00783899  0.00306071  0.00995171  0.01016829 -0.0021189   0.00699643
 -0.00380372  0.00541095  0.00434009 -0.00530785 -0.00453523 -0.00582072
  0.01197686  0.00023178 -0.00039649  0.00713654 -0.00486148 -0.00121523
  0.0061983  -0.00971784  0.00023061 -0.02142416  0.01233668  0.01265155
 -0.01105389 -0.00169217 -0.01191918  0.00573641 -0.00671324 -0.00412135
 -0.00695421  0.00420963 -0.00250238  0.00387334 -0.00641585 -0.00378688
 -0.01100364  0.00876335 -0.00496416 -0.00457441 -0.00341893 -0.01255773
 -0.00417897  0.01048995 -0.00180819  0.00714452 -0.01550342  0.00203253
  0.00640761 -0.00165618  0.00662865  0.00464884]
label = 1_2	 [ 0.01082557 -0.00875342 -0.00689524  0.01448762  0.01346209  0.00430897
  0.00151159  0.00137657  0.00538039  0.00040761 -0.01391892  0.00523426
 -0.00621265  0.00195062  0.00922821  0.00860902 -0.00138449  0.00477697
 -0.00348641  0.00658791  0.00240631 -0.00282482 -0.00459693 -0.00699087
  0.01274229 -0.00039461 -0.00023892  0.00724324 -0.00417568 -0.00298039
  0.00714095 -0.01065093 -0.00038893 -0.02245439  0.01352753  0.01352492
 -0.01162971 -0.00142673 -0.01299261  0.00721917 -0.00474228 -0.0029684
 -0.00632757  0.00394616 -0.0032709   0.00232906 -0.00662589 -0.00304149
 -0.01058352  0.00903932 -0.00590236 -0.0058093  -0.00221252 -0.01277653
 -0.00260834  0.01165776 -0.00356299  0.00626589 -0.01690945  0.00296939
  0.00812104 -0.00232105  0.00872792  0.0048227 ]
label = 1_2	 [ 0.01169938 -0.00859048 -0.00898976  0.01406423  0.01254846  0.00366623
  0.00115878  0.00267473  0.00449989 -0.00011717 -0.01386562  0.00378889
 -0.00758337  0.00221723  0.01086629  0.01112806 -0.00090461  0.00620584
 -0.00410855  0.00584791  0.00341804 -0.00459569 -0.00430539 -0.00680615
  0.01182056  0.00025609 -0.0005439   0.00800405 -0.00594298 -0.00206067
  0.0062901  -0.00950176  0.00034178 -0.02234625  0.01356701  0.01297737
 -0.01173817 -0.00227224 -0.01187729  0.00630482 -0.00662699 -0.00378963
 -0.00698766  0.00503749 -0.00183503  0.00189858 -0.00646946 -0.00363849
 -0.01176882  0.00958835 -0.00572412 -0.00447248 -0.0028775  -0.01152316
 -0.00421972  0.01166276 -0.0028745   0.00753562 -0.01614971  0.0022679
  0.00779846 -0.00156868  0.00628366  0.00355904]
label = 1_2	 [  1.22915115e-02  -8.41102935e-03  -8.05320218e-03   1.48122152e-02
   1.30841080e-02   3.08722584e-03   1.14617124e-03   1.75790419e-03
   5.47333807e-03  -9.96359973e-04  -1.30077917e-02   5.03923278e-03
  -6.75408216e-03   3.12718144e-03   1.01267183e-02   9.95744765e-03
  -7.63461576e-04   7.50510115e-03  -2.82767299e-03   5.66269970e-03
   3.56417545e-03  -5.17107733e-03  -4.84409556e-03  -5.25495084e-03
   1.22187566e-02  -3.87845008e-04  -9.57268348e-05   8.18211399e-03
  -5.84146101e-03  -2.04581447e-04   6.08785683e-03  -1.00174416e-02
   1.32627960e-04  -2.35838350e-02   1.37028955e-02   1.40182041e-02
  -1.08144702e-02  -2.45210249e-03  -1.12091973e-02   6.64026756e-03
  -6.78302348e-03  -3.13458918e-03  -7.01833935e-03   4.80869412e-03
  -2.32886313e-03   3.37692164e-03  -5.41634299e-03  -4.59127594e-03
  -1.19959628e-02   9.71478876e-03  -5.54688694e-03  -4.01343079e-03
  -3.10492073e-03  -1.20472377e-02  -4.52665426e-03   1.05597582e-02
  -2.32659630e-03   7.72323320e-03  -1.58313308e-02   2.42837402e-03
   7.23548140e-03  -1.46305736e-03   8.74466635e-03   3.78834573e-03]
label = 1_2	 [ 0.01207335 -0.00880123 -0.00997814  0.01362725  0.01414894  0.00337356
 -0.00106951  0.00138974  0.00466272 -0.00064037 -0.01460458  0.00439383
 -0.00733686  0.00307056  0.0109791   0.01246842  0.00023235  0.00615995
 -0.00527915  0.0065751   0.00477925 -0.00449972 -0.00434351 -0.00786552
  0.01438464  0.00075131  0.00032172  0.00882754 -0.0062029  -0.00291554
  0.0059076  -0.01017816  0.00102978 -0.0219273   0.01264074  0.01361579
 -0.01282661 -0.00264951 -0.01142519  0.00629695 -0.0063117  -0.00473443
 -0.00750921  0.00586437 -0.00313347  0.00262126 -0.00557197 -0.00382734
 -0.01265456  0.00991663 -0.00523842 -0.00550673 -0.00347216 -0.01190873
 -0.00366786  0.01244478 -0.00201897  0.00644434 -0.01806884  0.0026622
  0.00868327 -0.00030259  0.00672967  0.00315938]
label = 1_2	 [  1.23433024e-02  -8.82221945e-03  -8.01505055e-03   1.52693819e-02
   1.41671039e-02   3.86599917e-03   7.54052890e-04   1.99751649e-03
   5.17036300e-03   6.01775246e-04  -1.39343524e-02   4.52063931e-03
  -7.14469375e-03   1.91551354e-03   9.80126206e-03   1.11907786e-02
   4.88143967e-04   5.87269943e-03  -4.21768473e-03   5.82850538e-03
   1.72294979e-03  -3.50328395e-03  -4.20552632e-03  -7.39041856e-03
   1.31977079e-02  -3.01218912e-04  -3.36198515e-04   7.71676376e-03
  -4.74071410e-03  -1.73293857e-03   6.53005624e-03  -1.03290407e-02
   1.79763301e-05  -2.45439336e-02   1.35292830e-02   1.38402488e-02
  -1.24826301e-02  -2.02638865e-03  -1.21766012e-02   6.76551461e-03
  -6.17151055e-03  -4.02332703e-03  -6.33776048e-03   4.41792049e-03
  -1.92177016e-03   1.35516294e-03  -7.12877046e-03  -4.74727945e-03
  -1.27141858e-02   1.07378038e-02  -5.74635528e-03  -4.94531123e-03
  -2.99167261e-03  -1.25921182e-02  -3.40591185e-03   1.15568647e-02
  -2.44483911e-03   6.18410530e-03  -1.75222475e-02   2.84891436e-03
   7.36547587e-03  -1.81207061e-03   7.21136108e-03   4.50590067e-03]
label = 1_2	 [ 0.01180237 -0.00831586 -0.0086463   0.01540924  0.01433166  0.00432746
  0.00017588  0.00195443  0.00497607 -0.00076515 -0.012725    0.00460376
 -0.00790607  0.00298367  0.00984319  0.01068895 -0.0011158   0.00718265
 -0.00417201  0.00548214  0.00346875 -0.00487998 -0.00457233 -0.00626164
  0.0136303   0.00068227 -0.00089821  0.00731882 -0.0051935  -0.00160174
  0.00621593 -0.009896   -0.00015212 -0.02332026  0.01328078  0.01396001
 -0.01106709 -0.00339966 -0.01200128  0.00514825 -0.00647796 -0.00480689
 -0.00697568  0.00474421 -0.00249915  0.00256564 -0.00579146 -0.00415372
 -0.01253793  0.00939745 -0.00459676 -0.00500874 -0.00257343 -0.01276451
 -0.00354095  0.01091085 -0.0024779   0.00732572 -0.01673049  0.00209071
  0.00739042 -0.00185526  0.00702357  0.00417752]
label = 1_2	 [  1.24506922e-02  -9.48745385e-03  -7.65509671e-03   1.50760086e-02
   1.24792419e-02   4.08449210e-03   1.91371306e-03   1.75362837e-03
   6.33933907e-03  -2.15423410e-04  -1.20861921e-02   4.98689990e-03
  -6.96682371e-03   2.68179341e-03   9.74121317e-03   8.93410388e-03
  -1.61293475e-03   6.51468802e-03  -2.58271187e-03   6.54207775e-03
   1.96831208e-03  -5.10762073e-03  -4.76485025e-03  -3.94326216e-03
   1.13716861e-02  -3.30163864e-04   4.92219522e-04   7.36244721e-03
  -4.68659168e-03  -1.56853383e-03   5.76082803e-03  -1.00393789e-02
   6.89885346e-05  -2.33029369e-02   1.42404232e-02   1.38730118e-02
  -1.08324867e-02  -2.90389406e-03  -1.12889651e-02   7.22155720e-03
  -5.61420806e-03  -2.23606126e-03  -6.32307958e-03   4.28433158e-03
  -1.84583454e-03   2.77051493e-03  -5.58874989e-03  -4.77595953e-03
  -1.10232886e-02   1.03546036e-02  -5.28605841e-03  -4.57884604e-03
  -1.71735592e-03  -1.20837213e-02  -2.84596672e-03   1.01623274e-02
  -2.71865120e-03   7.46867247e-03  -1.55008081e-02   1.48682599e-03
   7.77020259e-03  -1.81600428e-03   8.51217378e-03   3.77370045e-03]
label = 2_2	 [  1.24860844e-02  -8.39043781e-03  -1.05233146e-02   1.53820040e-02
   1.45230517e-02   5.09208115e-03   1.88560120e-03   2.80002202e-03
   4.45790449e-03  -2.02886964e-04  -1.26184942e-02   4.19584336e-03
  -8.31757486e-03   3.00846808e-03   9.70854610e-03   1.15659926e-02
  -3.81334103e-04   7.24236807e-03  -4.36161039e-03   5.92554174e-03
   3.14217736e-03  -4.43632808e-03  -4.79228329e-03  -7.03715812e-03
   1.24820760e-02   1.38881465e-03  -1.33512693e-03   9.09971353e-03
  -6.60926942e-03  -2.07130122e-03   5.93600376e-03  -1.04327612e-02
  -2.33676983e-05  -2.45688744e-02   1.44931246e-02   1.41039416e-02
  -1.16646588e-02  -4.01607668e-03  -1.23805748e-02   5.46014262e-03
  -6.62283367e-03  -3.35059781e-03  -6.64117327e-03   6.32758252e-03
  -2.94750789e-03   2.15072301e-03  -6.86375611e-03  -4.47856123e-03
  -1.33238593e-02   1.04571721e-02  -4.83363308e-03  -3.61394393e-03
  -2.57283635e-03  -1.31520443e-02  -3.23774246e-03   1.09143583e-02
  -3.48097994e-03   7.86113366e-03  -1.71089675e-02   2.23680446e-03
   7.36251427e-03  -9.80816316e-04   6.99184230e-03   3.84533592e-03]
label = 4_2	 [ 0.01147873 -0.00707773 -0.00822809  0.0148442   0.01333556  0.00456528
  0.00081934  0.00183214  0.00601103 -0.00088986 -0.01279609  0.00392245
 -0.00676953  0.00373659  0.00960431  0.01129465 -0.00113898  0.00755421
 -0.00451553  0.00595095  0.00405832 -0.00404718 -0.00388762 -0.00698578
  0.01308327  0.00043022 -0.00053581  0.00700357 -0.00573213 -0.00148242
  0.00607412 -0.00982497  0.00057139 -0.02294626  0.01315941  0.01305697
 -0.01096317 -0.00279523 -0.01163423  0.0061568  -0.00647535 -0.00435171
 -0.00709894  0.00388885 -0.00182968  0.00337486 -0.00653247 -0.00388181
 -0.01268085  0.00868545 -0.00527824 -0.00441868 -0.00350752 -0.01208064
 -0.00436756  0.01048161 -0.00296975  0.00753908 -0.01614207  0.00296821
  0.00715685 -0.00139036  0.00714961  0.00424469]
label = 4_2	 [ 0.01102753 -0.00840532 -0.00998419  0.01457516  0.0144911   0.0040466
 -0.00021794  0.0022787   0.00492137 -0.00025483 -0.01316289  0.0045079
 -0.00705714  0.00285405  0.01007891  0.0113913  -0.00065518  0.00621978
 -0.00535449  0.00616879  0.00467965 -0.00398516 -0.00423272 -0.00800889
  0.01444648  0.00092387 -0.0008917   0.00903313 -0.00601436 -0.00299881
  0.00632224 -0.00972826  0.00062452 -0.02232584  0.01333026  0.01271807
 -0.0121801  -0.00395946 -0.01175536  0.00545071 -0.00701505 -0.00467368
 -0.00735104  0.00521708 -0.00288579  0.00263083 -0.00608307 -0.00357216
 -0.01285216  0.00934982 -0.00511827 -0.00399716 -0.00206946 -0.0124266
 -0.00388548  0.01169096 -0.00339451  0.0073226  -0.01729328  0.00190557
  0.00795323 -0.00047174  0.00661934  0.00334058]
label = 4_2	 [ 0.01151356 -0.00891145 -0.00841923  0.01434016  0.01299325  0.00328652
  0.00124998  0.00188569  0.00400626 -0.00042941 -0.0121994   0.00525522
 -0.0068801   0.00222677  0.00937721  0.01068355 -0.00052227  0.0060579
 -0.00405567  0.00604133  0.00254079 -0.00276681 -0.00447686 -0.00656301
  0.01342724  0.00176339  0.00077172  0.00883987 -0.00596144 -0.00183684
  0.0059082  -0.01039321 -0.00018176 -0.02330015  0.01358278  0.01306411
 -0.01150252 -0.00275544 -0.01296938  0.00584166 -0.0049061  -0.00322765
 -0.00660136  0.00511681 -0.00239357  0.00243625 -0.00626613 -0.00444383
 -0.01212164  0.00912556 -0.00575892 -0.00467553 -0.00303891 -0.01276835
 -0.00392579  0.01184605 -0.00319169  0.00690228 -0.0166129   0.00280267
  0.00802066 -0.00152758  0.00728168  0.00397676]
label = 4_2	 [  1.02282735e-02  -7.83231109e-03  -6.00721966e-03   1.27665009e-02
   1.25422897e-02   4.32690606e-03   1.69051578e-03   9.45284904e-04
   5.10028331e-03  -8.80962762e-05  -1.11174015e-02   5.54733211e-03
  -5.64612215e-03   2.80092936e-03   7.68011250e-03   8.59323703e-03
  -1.63071381e-03   5.71455946e-03  -2.45516608e-03   5.73146064e-03
   1.81895331e-03  -3.27505963e-03  -5.26056811e-03  -5.20379236e-03
   1.10778492e-02   7.77979963e-04  -3.97445896e-04   7.09544076e-03
  -4.34079161e-03  -2.37976387e-03   5.24565624e-03  -1.03440536e-02
   1.94634718e-04  -2.07560956e-02   1.26386778e-02   1.24240145e-02
  -1.06987329e-02  -1.81246665e-03  -1.13524720e-02   5.67765906e-03
  -4.09315061e-03  -2.75893789e-03  -6.45570736e-03   3.40287131e-03
  -3.02773970e-03   2.72620469e-03  -5.32351620e-03  -3.51130753e-03
  -8.54859594e-03   9.17530991e-03  -5.35634812e-03  -3.78262228e-03
  -7.18845113e-04  -1.15222111e-02  -3.05222301e-03   1.08145699e-02
  -3.90916923e-03   5.95361553e-03  -1.54038994e-02   2.61373166e-03
   6.91297464e-03  -1.53045182e-03   8.43440648e-03   3.90535826e-03]
label = 4_2	 [ 0.011132   -0.00809189 -0.00816835  0.01618263  0.01433345  0.00376406
  0.00192367  0.00127807  0.00748831 -0.00092462 -0.01356929  0.00686174
 -0.00566288  0.00300835  0.00859726  0.00959068 -0.00103741  0.00621765
 -0.00356066  0.00605403  0.00297816 -0.00419316 -0.00510197 -0.00621489
  0.01270755 -0.00085279  0.00088889  0.00783159 -0.00439865 -0.00135583
  0.00647669 -0.01038036 -0.00115874 -0.02410484  0.01365045  0.01437263
 -0.011177   -0.00179493 -0.01260079  0.00679422 -0.00636605 -0.0024185
 -0.00630021  0.00571633 -0.00348521  0.00402888 -0.00611415 -0.0049606
 -0.01122362  0.009511   -0.00547324 -0.0045896  -0.00222891 -0.01394636
 -0.00318706  0.00984993 -0.00246731  0.00706173 -0.01650074  0.00283905
  0.00678484 -0.00218925  0.00840572  0.00549618]
label = 4_2	 [ 0.01108269 -0.00841534 -0.007602    0.01568091  0.01271825  0.00464152
  0.00148867  0.00086128  0.00680024 -0.0008087  -0.01424918  0.00556134
 -0.00642398  0.00294574  0.00961982  0.0098081  -0.00130405  0.00634832
 -0.00383743  0.00608432  0.00277591 -0.0043776  -0.00517411 -0.00693616
  0.01260392  0.00013586  0.00026379  0.00716687 -0.00457132 -0.001974
  0.00633907 -0.01102957  0.00037492 -0.02282107  0.01339396  0.01396972
 -0.01179811 -0.00203947 -0.01210355  0.00698445 -0.00605073 -0.00293684
 -0.00668324  0.00431906 -0.0029351   0.00393165 -0.00689881 -0.00387664
 -0.01080516  0.00951754 -0.00587014 -0.00433361 -0.00182171 -0.01231108
 -0.0045795   0.0108677  -0.00344774  0.00780341 -0.01602058  0.00304692
  0.00680363 -0.00144486  0.00808285  0.00432076]
label = 4_2	 [ 0.01224061 -0.00955706 -0.00836063  0.01409524  0.01393282  0.00355541
  0.0015749   0.00144587  0.00451099  0.00056742 -0.01315229  0.00552772
 -0.00758179  0.00196231  0.00934679  0.01039333 -0.00030569  0.00539732
 -0.00453424  0.00696761  0.00203866 -0.00260868 -0.00414667 -0.00718164
  0.01308352  0.00033296 -0.00035024  0.00913528 -0.00587692 -0.00271679
  0.00700874 -0.01061376 -0.00110432 -0.0241822   0.01441296  0.0134266
 -0.01197487 -0.00199828 -0.01374362  0.0060461  -0.0046326  -0.0032941
 -0.00697424  0.00634198 -0.00242345  0.00172969 -0.00649707 -0.00441669
 -0.01209228  0.00992175 -0.0055898  -0.00513402 -0.00311755 -0.01361034
 -0.00276927  0.01269565 -0.0034824   0.00624084 -0.01767412  0.00356943
  0.00876985 -0.00133202  0.00849037  0.00402454]
label = 4_2	 [ 0.01159202 -0.00786747 -0.00892843  0.01634537  0.01407331  0.00408724
  0.00056423  0.00245998  0.00637552 -0.00110654 -0.01349888  0.00471363
 -0.00726192  0.00330372  0.01074812  0.01067956 -0.00049332  0.00719326
 -0.00418891  0.0053318   0.0041395  -0.00538375 -0.00401196 -0.00587344
  0.01337395 -0.00059826 -0.00045395  0.00794188 -0.00530474 -0.00032449
  0.00647996 -0.01044594 -0.0002058  -0.02455495  0.01288922  0.01497338
 -0.01210211 -0.00239184 -0.0120524   0.00588948 -0.00823734 -0.00477464
 -0.00684038  0.00502563 -0.00193111  0.00421635 -0.00620855 -0.00504114
 -0.01253059  0.00914411 -0.0049217  -0.00460236 -0.00406948 -0.0129495
 -0.00433662  0.01023225 -0.00200494  0.00776055 -0.01597343  0.00246053
  0.00666042 -0.0014998   0.0077013   0.0040008 ]
label = 4_2	 [ 0.01205609 -0.00818731 -0.00930052  0.01571742  0.0147017   0.00420292
  0.00051658  0.00245278  0.00534376 -0.0010385  -0.01211482  0.00357374
 -0.00764045  0.00253635  0.01034853  0.01030496 -0.00123294  0.00816225
 -0.00465173  0.00599647  0.00417169 -0.00612579 -0.00345371 -0.00563766
  0.01329056  0.00072163 -0.00076606  0.0082669  -0.00600909 -0.00183052
  0.00635016 -0.0096205   0.00065238 -0.02375179  0.01353296  0.01451392
 -0.01164848 -0.00309517 -0.01166084  0.00672005 -0.00790194 -0.00424871
 -0.00806251  0.00522961 -0.00212256  0.00373771 -0.00539207 -0.00382252
 -0.01254777  0.00961517 -0.00404674 -0.00480007 -0.00251583 -0.01258985
 -0.00482382  0.01087657 -0.00202657  0.00835785 -0.0164485   0.00179099
  0.00755322 -0.00117195  0.00787047  0.00380261]
label = 4_2	 [ 0.01233305 -0.00845704 -0.00857477  0.01560728  0.01304372  0.00359951
  0.00138959  0.00101266  0.00569622  0.00094591 -0.01469538  0.00471471
 -0.00682021  0.00208544  0.01017531  0.01086155 -0.00049912  0.00579315
 -0.00439858  0.00702942  0.00267262 -0.00399001 -0.00436585 -0.00851236
  0.01315606 -0.00013699  0.00015969  0.00741854 -0.00559489 -0.00252314
  0.00654083 -0.01004697 -0.0002234  -0.02350055  0.01306443  0.01343625
 -0.01184367 -0.00182694 -0.0126087   0.00788284 -0.00583662 -0.0038717
 -0.00695908  0.00481626 -0.0027814   0.00229819 -0.00703507 -0.00360419
 -0.01142202  0.00938162 -0.0059444  -0.00567435 -0.00224807 -0.01309543
 -0.00355325  0.01120685 -0.00286914  0.00670121 -0.01761048  0.00348247
  0.00779695 -0.00167131  0.00805434  0.0050449 ]
label = 4_2	 [ 0.01311856 -0.00908691 -0.00909341  0.01589306  0.01441094  0.00391747
  0.00058289  0.00132494  0.00609595 -0.00021013 -0.01555435  0.00533665
 -0.00793048  0.00366913  0.01076409  0.01127206 -0.00071466  0.00601199
 -0.00394091  0.00533776  0.00427912 -0.00367039 -0.00458324 -0.00685087
  0.01369976 -0.00049411  0.00018819  0.00776726 -0.00487258 -0.00162522
  0.00633658 -0.01101704  0.00065963 -0.02459338  0.01396191  0.01458496
 -0.01253234 -0.00192415 -0.01266307  0.00733253 -0.00757859 -0.00437008
 -0.00718866  0.00584272 -0.00319463  0.00357818 -0.00683479 -0.00428706
 -0.01266723  0.01002859 -0.00618126 -0.00597092 -0.00330987 -0.01297927
 -0.00493409  0.01110624 -0.00210456  0.00714518 -0.017893    0.00281517
  0.0080274  -0.00184672  0.00815632  0.00388207]
label = 4_2	 [ 0.01167357 -0.00907073 -0.0085695   0.01446847  0.01382802  0.00370734
  0.00070407  0.00115013  0.00440278 -0.0004908  -0.01308837  0.00511494
 -0.00637781  0.00193492  0.01047621  0.01081383 -0.00050689  0.00577998
 -0.0041223   0.0062239   0.00232785 -0.00362133 -0.00423076 -0.00681873
  0.01333452  0.0006044   0.00043296  0.00826858 -0.00535653 -0.00233742
  0.00637858 -0.01035344 -0.00012735 -0.02349235  0.01367635  0.01432044
 -0.01222705 -0.00277499 -0.01193952  0.00706981 -0.00589745 -0.00279272
 -0.00689961  0.00554229 -0.00325511  0.0021503  -0.00618174 -0.00370453
 -0.01197703  0.01028306 -0.00497477 -0.00464596 -0.00201663 -0.01249564
 -0.00357767  0.01212396 -0.00327303  0.00695918 -0.01736011  0.00225518
  0.00803965 -0.00097329  0.00762184  0.00407825]
label = 4_2	 [ 0.01246461 -0.00656597 -0.01033029  0.01538764  0.01334546  0.00423792
  0.0005951   0.00170562  0.00605814 -0.00028578 -0.01398165  0.00329528
 -0.00735417  0.00358616  0.01011769  0.01205606  0.00024164  0.00660565
 -0.00372494  0.00520694  0.00474311 -0.00384221 -0.00383804 -0.00715787
  0.01167126 -0.00083441 -0.00123463  0.00739565 -0.00596739 -0.00201458
  0.00638071 -0.01040226  0.00154569 -0.02324291  0.01241356  0.01489492
 -0.01187343 -0.00248011 -0.01206503  0.00756914 -0.00727024 -0.00408505
 -0.0061358   0.00528976 -0.00303621  0.00381001 -0.00653694 -0.00364076
 -0.01262775  0.01012936 -0.00562499 -0.00496741 -0.00247803 -0.01167121
 -0.00379167  0.00950509 -0.00224358  0.00622696 -0.0164459   0.00335482
  0.00646658 -0.00109869  0.00803834  0.0039911 ]
label = 4_2	 [  1.12880720e-02  -7.02280924e-03  -8.22702236e-03   1.40030328e-02
   1.47050209e-02   3.69116291e-03   8.93088814e-04   2.52335309e-03
   3.80275724e-03  -6.44326792e-06  -1.21269943e-02   4.59981337e-03
  -7.18305120e-03   3.42249079e-03   9.34625510e-03   8.79246555e-03
  -2.38982524e-04   5.75794512e-03  -2.59656226e-03   5.14047407e-03
   3.32873687e-03  -3.73269175e-03  -3.22999014e-03  -4.85141156e-03
   1.14562344e-02   2.86995550e-04  -1.31621829e-03   7.99033325e-03
  -5.64545300e-03  -2.60796840e-03   6.74740644e-03  -1.06464010e-02
   5.57544932e-04  -2.33861804e-02   1.32186441e-02   1.45097030e-02
  -1.10062305e-02  -2.50832480e-03  -1.20357154e-02   6.56743487e-03
  -6.07000897e-03  -3.23756877e-03  -7.22663803e-03   5.44123072e-03
  -3.30273923e-03   2.97428481e-03  -5.91886370e-03  -2.83733755e-03
  -1.17416456e-02   1.04248291e-02  -4.91534267e-03  -4.85056126e-03
  -2.47688033e-03  -1.15207359e-02  -3.54729779e-03   1.11463284e-02
  -3.94833228e-03   7.10206060e-03  -1.69859342e-02   1.87879521e-03
   7.30380416e-03  -1.63439522e-03   9.47650615e-03   3.86661757e-03]
label = 4_2	 [ 0.01171125 -0.00747816 -0.00871325  0.01475024  0.0125907   0.00331838
  0.00082635  0.00137924  0.00599826  0.00020884 -0.01424533  0.00452943
 -0.00657927  0.00299331  0.010086    0.01035815 -0.00024125  0.00592459
 -0.00483091  0.0060887   0.00412169 -0.00411399 -0.00474317 -0.00726736
  0.01342242 -0.00109765 -0.00089178  0.00790892 -0.00553127 -0.00153711
  0.00611128 -0.00962362  0.00040246 -0.02269015  0.01210738  0.01265318
 -0.01170844 -0.00199922 -0.0112991   0.0069026  -0.00638817 -0.00466986
 -0.00621949  0.00534586 -0.00252178  0.0031302  -0.00587509 -0.00397104
 -0.01133583  0.0087737  -0.00609759 -0.0044217  -0.00283955 -0.01231427
 -0.00475867  0.00948489 -0.00238203  0.00715101 -0.01627648  0.00302065
  0.00742289 -0.00083502  0.00711493  0.00388947]
label = 3_2	 [  1.14661288e-02  -8.70512705e-03  -1.00559574e-02   1.56614501e-02
   1.44177945e-02   4.78535518e-03   2.07929406e-05   1.67150213e-03
   6.45728735e-03  -2.48566386e-04  -1.46906106e-02   3.17620556e-03
  -8.69585108e-03   2.78329523e-03   1.05473585e-02   1.13956779e-02
  -1.10457279e-03   7.54577620e-03  -5.70122246e-03   5.99232223e-03
   5.24007482e-03  -5.77476295e-03  -4.38436354e-03  -6.19005272e-03
   1.27300220e-02   1.93938118e-04  -9.33442847e-04   9.44141392e-03
  -5.76364016e-03  -1.94050162e-03   6.61775004e-03  -9.36729647e-03
   9.73304850e-04  -2.22325195e-02   1.31737748e-02   1.31938597e-02
  -1.31777972e-02  -2.69700331e-03  -1.15756290e-02   6.73698774e-03
  -7.90040009e-03  -4.40113572e-03  -7.02748168e-03   5.18448045e-03
  -2.82908068e-03   4.18825448e-03  -7.00669829e-03  -3.35151865e-03
  -1.20408069e-02   9.21946298e-03  -4.45969263e-03  -4.69922135e-03
  -2.41489732e-03  -1.29710063e-02  -4.75254701e-03   1.08998315e-02
  -2.21762434e-03   7.84690771e-03  -1.64469164e-02   1.76248152e-03
   7.44845672e-03  -8.36683670e-04   6.89022243e-03   4.06600023e-03]
label = 1_2	 [ 0.01114581 -0.00987632 -0.00794473  0.01551926  0.01383588  0.00377922
  0.0013857   0.00131435  0.00524726  0.00061387 -0.0133948   0.0057347
 -0.00566172  0.00171859  0.00909622  0.00995261 -0.00060997  0.00581647
 -0.00423498  0.00723908  0.00062684 -0.0027955  -0.00437457 -0.00688708
  0.0134387   0.00092413  0.00072557  0.00869909 -0.00528996 -0.00284981
  0.00736953 -0.01034474 -0.00083977 -0.02361496  0.01430257  0.01376535
 -0.01190089 -0.00230118 -0.01295023  0.00703269 -0.00526964 -0.00329174
 -0.00654641  0.00520722 -0.00294404  0.00202101 -0.00635965 -0.00398804
 -0.01136551  0.00947186 -0.00561454 -0.00508644 -0.00175782 -0.01352438
 -0.0030244   0.01186727 -0.00343023  0.0068894  -0.01744288  0.00258555
  0.00868423 -0.00186019  0.00758179  0.00461903]
label = 1_2	 [  1.26901735e-02  -8.54514726e-03  -9.73739848e-03   1.53526552e-02
   1.34769762e-02   3.58492951e-03   4.70131228e-04   1.76642661e-03
   4.99622105e-03   2.05151708e-04  -1.49311833e-02   4.16569924e-03
  -8.98549333e-03   2.79282173e-03   1.09352171e-02   1.16637591e-02
   8.06699099e-05   5.40914712e-03  -3.95406643e-03   5.45621803e-03
   4.13785037e-03  -4.28651040e-03  -3.55686992e-03  -7.20830215e-03
   1.25864549e-02  -4.83624812e-04  -1.02193822e-04   8.37422628e-03
  -6.76333625e-03  -2.03798898e-03   6.50379946e-03  -9.98856034e-03
   2.22941977e-04  -2.38598995e-02   1.35540748e-02   1.54665178e-02
  -1.22891739e-02  -2.70880619e-03  -1.27434265e-02   7.29313074e-03
  -6.98033534e-03  -4.02816944e-03  -6.98975660e-03   6.08061673e-03
  -3.24499281e-03   2.79515213e-03  -6.45250455e-03  -4.61589778e-03
  -1.25688873e-02   1.01421177e-02  -5.75781986e-03  -5.20727597e-03
  -2.92691542e-03  -1.26531944e-02  -4.07974143e-03   1.15691377e-02
  -2.07044091e-03   6.65624999e-03  -1.68046299e-02   2.37396033e-03
   7.35037401e-03  -1.18658552e-03   8.68374482e-03   4.02922416e-03]
label = 1_2	 [  1.17513845e-02  -7.83758704e-03  -9.20191035e-03   1.57690868e-02
   1.40516507e-02   3.92434327e-03   5.19180670e-04   1.23929977e-03
   6.54140068e-03  -8.70937365e-05  -1.46099124e-02   5.08339005e-03
  -7.56899547e-03   3.03511927e-03   1.01939216e-02   1.01880915e-02
  -7.38855335e-04   6.09682268e-03  -4.51282784e-03   6.33030105e-03
   4.00504237e-03  -4.90513351e-03  -4.06948710e-03  -5.99421514e-03
   1.20618977e-02  -1.25159789e-03  -1.23729696e-03   7.75210978e-03
  -5.12471795e-03  -2.47874623e-03   6.41466817e-03  -1.04383621e-02
   7.52728723e-04  -2.29898691e-02   1.26386406e-02   1.39053809e-02
  -1.22728199e-02  -2.14846875e-03  -1.21060377e-02   7.33585330e-03
  -7.17296358e-03  -3.61415558e-03  -7.14070396e-03   6.15525013e-03
  -2.66613974e-03   4.52459138e-03  -5.95876761e-03  -3.75374570e-03
  -1.12336650e-02   9.69292969e-03  -5.04192291e-03  -5.49116218e-03
  -1.60265039e-03  -1.22906035e-02  -4.31970647e-03   1.01255467e-02
  -2.57056532e-03   7.23222876e-03  -1.69722587e-02   2.52333237e-03
   7.64536625e-03  -1.28653413e-03   8.42569768e-03   4.35885042e-03]
label = 1_2	 [ 0.01143351 -0.00813304 -0.00896524  0.01551224  0.01403421  0.0049508
  0.00101232  0.00120122  0.00628751 -0.00080956 -0.01428159  0.00434729
 -0.00864983  0.0030981   0.0098398   0.01057406 -0.00093732  0.00628377
 -0.00399121  0.00527953  0.00347775 -0.00464715 -0.00454871 -0.0070797
  0.01280499 -0.00059252 -0.00067693  0.00717294 -0.00520572 -0.0016652
  0.00628452 -0.01051709  0.00011144 -0.02264241  0.0128452   0.01409136
 -0.01221741 -0.00186686 -0.01210106  0.00676366 -0.00686055 -0.00396577
 -0.0066661   0.00554889 -0.00307379  0.00379703 -0.00683886 -0.00394943
 -0.01159642  0.00984353 -0.00512655 -0.00493425 -0.00220182 -0.01269244
 -0.00373818  0.01048741 -0.00230348  0.00717357 -0.01658795  0.00273054
  0.00686018 -0.00106667  0.00738099  0.0041787 ]
label = 1_2	 [  1.23031940e-02  -8.26573092e-03  -8.12533777e-03   1.51391560e-02
   1.33535741e-02   3.73435859e-03   1.97993987e-03   1.70149957e-03
   6.04864256e-03  -1.54062698e-04  -1.27231395e-02   5.16197272e-03
  -7.42960675e-03   3.17139947e-03   9.54514369e-03   8.85590352e-03
  -2.07592617e-03   7.29686208e-03  -2.54769297e-03   6.18328061e-03
   3.24035203e-03  -5.04436530e-03  -3.94142047e-03  -4.45268210e-03
   1.16416020e-02  -9.12538439e-04   4.26330225e-05   7.52057275e-03
  -5.33053465e-03  -7.75891589e-04   6.32147677e-03  -9.49475076e-03
  -1.39525189e-04  -2.38083955e-02   1.43360123e-02   1.46908788e-02
  -1.12614436e-02  -1.97787187e-03  -1.24164037e-02   6.37147715e-03
  -7.02193147e-03  -3.44774127e-03  -6.85453694e-03   4.34097182e-03
  -1.43335818e-03   3.48437764e-03  -5.35161979e-03  -4.36122948e-03
  -1.09089650e-02   9.40999109e-03  -4.80375113e-03  -5.01299696e-03
  -2.41617928e-03  -1.27033982e-02  -2.60918355e-03   1.01744188e-02
  -2.21567741e-03   7.42741302e-03  -1.60245765e-02   2.02171365e-03
   7.76836788e-03  -2.42175278e-03   9.20747500e-03   4.04911675e-03]
label = 1_2	 [  1.19079873e-02  -6.89587882e-03  -7.66840065e-03   1.57529842e-02
   1.39615787e-02   3.80685111e-03   1.48594356e-03   1.20298972e-03
   6.41445769e-03  -7.88693142e-05  -1.35245500e-02   5.36628021e-03
  -6.85040466e-03   3.41910240e-03   9.38805752e-03   1.01601435e-02
  -1.62463984e-04   5.68116968e-03  -4.65208758e-03   6.00217376e-03
   3.89150996e-03  -2.65948125e-03  -4.26123943e-03  -6.67365873e-03
   1.30732320e-02  -6.66355540e-04   1.07300788e-04   7.30189588e-03
  -4.70891083e-03  -1.91618048e-03   5.94945811e-03  -1.04049519e-02
   3.51043476e-04  -2.39460785e-02   1.35987587e-02   1.43715376e-02
  -1.10092340e-02  -1.60156889e-03  -1.28958253e-02   6.11372851e-03
  -6.10851962e-03  -4.31329943e-03  -6.18300959e-03   5.26859425e-03
  -3.10499407e-03   3.23952804e-03  -6.68358430e-03  -3.52228410e-03
  -1.16987582e-02   9.10431147e-03  -5.92188817e-03  -5.22282394e-03
  -3.40619567e-03  -1.29946601e-02  -4.01514722e-03   1.01358928e-02
  -2.26931204e-03   6.53130747e-03  -1.72372479e-02   3.25198635e-03
   7.84478243e-03  -1.99152739e-03   8.89262464e-03   4.67926078e-03]
label = 1_2	 [ 0.01367361 -0.01006975 -0.01013072  0.01560694  0.01374067  0.00326013
  0.00020405  0.00153699  0.0051406   0.00057837 -0.01457048  0.00466583
 -0.00837278  0.0018994   0.01106738  0.01165867  0.00058701  0.00620251
 -0.00452233  0.00636267  0.00296669 -0.00392502 -0.00366036 -0.00638826
  0.01344084  0.00056035  0.00024996  0.00924169 -0.00575638 -0.00228419
  0.00662523 -0.01000314 -0.00012736 -0.02484063  0.01409728  0.01487084
 -0.01306825 -0.00321755 -0.01271565  0.0076434  -0.00663301 -0.00363489
 -0.00683523  0.00596498 -0.00267782  0.00233803 -0.00747673 -0.00490105
 -0.01335391  0.01058192 -0.00500624 -0.00561518 -0.00283409 -0.01333923
 -0.00350542  0.0120929  -0.00253407  0.0067955  -0.01770764  0.00272448
  0.00835069 -0.00114482  0.00806548  0.00408342]
label = 1_2	 [  1.15407603e-02  -8.20717402e-03  -9.38180462e-03   1.50779895e-02
   1.36888428e-02   3.86533490e-03   4.13687449e-05   1.31459686e-03
   6.45975489e-03  -5.25382406e-04  -1.48309525e-02   3.53315426e-03
  -7.40551762e-03   2.71787122e-03   1.17606102e-02   1.12259509e-02
  -1.08858279e-03   6.26313500e-03  -4.89667337e-03   4.57608420e-03
   5.28657017e-03  -4.97966725e-03  -4.31497348e-03  -6.54120790e-03
   1.26115968e-02  -9.44350380e-04  -1.34600815e-03   7.86468852e-03
  -4.97339200e-03  -1.60437613e-03   6.24565082e-03  -1.03823105e-02
   1.15376594e-03  -2.24434342e-02   1.16255172e-02   1.37405358e-02
  -1.27952294e-02  -2.03593005e-03  -1.22453067e-02   6.63991924e-03
  -7.75324367e-03  -4.29331604e-03  -6.72330754e-03   5.47479419e-03
  -2.72159185e-03   3.56519455e-03  -6.02245051e-03  -3.13588348e-03
  -1.22239161e-02   9.67995077e-03  -5.03777573e-03  -4.84198658e-03
  -2.31194030e-03  -1.12820379e-02  -4.80895489e-03   1.05450889e-02
  -2.45071086e-03   7.37766875e-03  -1.59282126e-02   2.61207926e-03
   7.54296128e-03  -5.70551609e-04   7.42251566e-03   3.22452676e-03]
label = 1_2	 [  1.32856490e-02  -8.88698455e-03  -1.03614777e-02   1.53229991e-02
   1.39355492e-02   3.80760967e-03   4.13727947e-04   2.49969889e-03
   5.10052824e-03   5.98131155e-05  -1.40732927e-02   3.00135463e-03
  -8.43586680e-03   2.47147796e-03   1.00389645e-02   1.13208666e-02
   1.24035665e-04   6.90140389e-03  -4.05351631e-03   5.60661592e-03
   4.65823803e-03  -4.51775361e-03  -3.08838463e-03  -6.03153370e-03
   1.16114886e-02  -3.79357487e-04  -4.47699626e-04   8.10110010e-03
  -6.08946336e-03  -1.63183711e-03   6.57634623e-03  -8.42755754e-03
   5.60150482e-04  -2.35805809e-02   1.36043243e-02   1.37148080e-02
  -1.20104998e-02  -3.26161343e-03  -1.18056918e-02   6.82077743e-03
  -7.86074437e-03  -4.52242745e-03  -6.81602815e-03   5.29643847e-03
  -1.10200606e-03   2.61778431e-03  -7.12630572e-03  -3.54010123e-03
  -1.29967891e-02   9.17881262e-03  -5.13128284e-03  -5.44662215e-03
  -3.51039832e-03  -1.21121500e-02  -3.70024750e-03   1.10167647e-02
  -1.91199814e-03   6.83303084e-03  -1.60843339e-02   2.14500003e-03
   7.43506197e-03  -1.25849189e-03   7.16190366e-03   4.20186482e-03]
label = 1_2	 [  1.25632975e-02  -8.77800304e-03  -9.28904675e-03   1.57379229e-02
   1.23206479e-02   3.81278479e-03   1.42118568e-03   1.76824979e-03
   5.94710372e-03   7.01204641e-04  -1.44415116e-02   4.66926815e-03
  -8.05879198e-03   2.94234836e-03   9.63012129e-03   1.12694278e-02
  -6.82921440e-04   5.61120268e-03  -3.72842979e-03   7.79267773e-03
   2.46680342e-03  -3.25884041e-03  -4.00661305e-03  -7.43713602e-03
   1.28961653e-02   3.97213153e-04   6.16790785e-05   8.41612183e-03
  -5.65767661e-03  -2.53203046e-03   6.27722079e-03  -1.09240292e-02
   4.32139728e-04  -2.34413706e-02   1.36080999e-02   1.45354811e-02
  -1.22325541e-02  -2.25097244e-03  -1.27560068e-02   7.00601935e-03
  -5.49132098e-03  -4.35428973e-03  -5.95809426e-03   4.95660212e-03
  -2.23375461e-03   2.57415045e-03  -7.64102116e-03  -4.48603742e-03
  -1.19938590e-02   1.03920326e-02  -6.50438340e-03  -5.33358054e-03
  -2.34551192e-03  -1.28926504e-02  -3.52532323e-03   1.12040304e-02
  -3.06138443e-03   6.04797946e-03  -1.71180163e-02   3.89929628e-03
   8.04705732e-03  -1.28190755e-03   7.40234973e-03   4.95856116e-03]
label = 1_2	 [ 0.01198447 -0.00852477 -0.01007996  0.01608061  0.01420828  0.004219
  0.00027888  0.00257603  0.00479493  0.00067457 -0.013714    0.00327883
 -0.00874844  0.00189662  0.01024218  0.01093484 -0.00038485  0.0063946
 -0.00462333  0.00568221  0.00351898 -0.00496448 -0.00322884 -0.00670704
  0.01144919 -0.0002057  -0.0016626   0.0085475  -0.00626534 -0.00237608
  0.00675778 -0.00836568  0.00026714 -0.02359456  0.0132129   0.01410596
 -0.01258784 -0.00323119 -0.01220507  0.00678119 -0.00775206 -0.00415012
 -0.00636028  0.00561978 -0.00187891  0.00247922 -0.00650616 -0.00392052
 -0.01312746  0.009699   -0.00356661 -0.00466106 -0.00232778 -0.01198425
 -0.00342911  0.01080825 -0.00222952  0.00702623 -0.01613855  0.00152049
  0.00685966 -0.00100634  0.00714836  0.00470477]
label = 1_2	 [ 0.0121192  -0.00807065 -0.00891871  0.01750896  0.01490682  0.00499168
  0.00176989  0.00204214  0.00708213 -0.00015672 -0.01394316  0.0051291
 -0.00778738  0.00325104  0.009945    0.01094446 -0.0013253   0.00620717
 -0.00406889  0.00595324  0.00360556 -0.00428296 -0.00464792 -0.00704936
  0.01246903 -0.00085958 -0.00089346  0.00839692 -0.00549149 -0.00207754
  0.00716419 -0.01053515 -0.0006686  -0.02440141  0.01412449  0.01458114
 -0.01175642 -0.00222361 -0.01344025  0.0070506  -0.00730739 -0.00309424
 -0.00709529  0.0063302  -0.00333028  0.00451745 -0.0072432  -0.00424711
 -0.01288863  0.00961597 -0.00515971 -0.00504622 -0.0022395  -0.01358189
 -0.00392068  0.01042897 -0.00300759  0.008005   -0.01653781  0.00294462
  0.00696462 -0.00235991  0.00904693  0.00493424]
label = 1_2	 [  1.13882227e-02  -8.25563446e-03  -9.54001304e-03   1.48725631e-02
   1.23622110e-02   4.71503334e-03   3.84383166e-05   1.63716206e-03
   5.32610388e-03  -8.68899981e-04  -1.39509970e-02   3.43891466e-03
  -7.99607579e-03   3.09937960e-03   9.89473145e-03   1.10907955e-02
  -1.33780891e-03   7.09926756e-03  -3.93131841e-03   5.61455218e-03
   3.94620094e-03  -4.55734320e-03  -5.01812669e-03  -7.80528877e-03
   1.29906377e-02   7.03585916e-04  -9.39608668e-04   7.98378605e-03
  -5.59654972e-03  -2.60699028e-03   5.61610470e-03  -1.02758687e-02
   9.57876211e-04  -2.19365284e-02   1.28546841e-02   1.32172266e-02
  -1.18649919e-02  -3.02746217e-03  -1.15523376e-02   6.21522637e-03
  -5.92536014e-03  -4.03244607e-03  -6.11526286e-03   4.98307915e-03
  -2.52040639e-03   2.28343275e-03  -6.59720600e-03  -3.74902179e-03
  -1.18519897e-02   9.71988961e-03  -5.03141433e-03  -4.30780137e-03
  -2.29583238e-03  -1.15402695e-02  -4.13799472e-03   1.02631133e-02
  -2.77624698e-03   7.43205706e-03  -1.60523299e-02   2.22724909e-03
   7.06392294e-03  -3.99332086e-04   5.89320157e-03   4.21504769e-03]
label = 1_2	 [ 0.01144073 -0.00734935 -0.00878463  0.01431659  0.01315356  0.00349476
  0.00127532  0.00105563  0.0054003  -0.00016875 -0.01284623  0.00498109
 -0.00689351  0.00262853  0.01001505  0.01181748 -0.00055692  0.00702157
 -0.00403543  0.00581245  0.00407083 -0.00377806 -0.00393658 -0.00695386
  0.01262238 -0.00077675 -0.00012911  0.00770952 -0.00591799 -0.0014354
  0.0048166  -0.0102157   0.00124446 -0.02358734  0.01266694  0.01396223
 -0.01201896 -0.00199993 -0.01190896  0.0058646  -0.00669342 -0.00422338
 -0.00698738  0.00513274 -0.00244022  0.00282244 -0.0060649  -0.00438466
 -0.01146739  0.00949183 -0.00604416 -0.00465317 -0.00280676 -0.01211831
 -0.0032456   0.01060315 -0.00183636  0.00650938 -0.01634575  0.00348368
  0.0078513  -0.00129867  0.00806456  0.00401689]
label = 1_2	 [  1.25223491e-02  -9.19312425e-03  -9.25972126e-03   1.64253637e-02
   1.35897938e-02   4.55193687e-03   1.10786047e-03   8.07309523e-04
   5.96553646e-03   7.75358058e-05  -1.36691723e-02   4.81601711e-03
  -8.11242033e-03   2.75516394e-03   9.64005105e-03   1.04471399e-02
  -4.19999240e-04   6.86805137e-03  -3.85985360e-03   5.31273289e-03
   3.18810320e-03  -4.67388658e-03  -4.92036063e-03  -6.23808848e-03
   1.23267164e-02   1.99579939e-04  -8.36637104e-04   7.79478950e-03
  -5.44035248e-03  -1.64777343e-03   6.49152417e-03  -9.50421207e-03
   1.46102742e-04  -2.37989444e-02   1.41963856e-02   1.44216781e-02
  -1.18504297e-02  -3.08676297e-03  -1.25891399e-02   7.32767675e-03
  -6.18212437e-03  -3.20743304e-03  -5.93248243e-03   5.12661273e-03
  -3.21530970e-03   2.93956953e-03  -6.34824485e-03  -3.29073449e-03
  -1.22569287e-02   1.01324823e-02  -5.67533076e-03  -4.85203601e-03
  -1.11412932e-03  -1.22106420e-02  -3.34307714e-03   1.04946522e-02
  -3.06992279e-03   7.19186524e-03  -1.63471717e-02   1.85713964e-03
   7.37608876e-03  -1.37885846e-03   8.64702743e-03   4.14826721e-03]
